,0
0,161.99999999999997
1,161.99999999999997
2,161.99999999999997
3,161.99999999999997
4,161.99999999999997
5,161.99999999999997
6,161.99999999999997
7,161.99999999999997
8,161.99999999999997
9,161.99999999999997
10,161.99999999999997
11,161.99999999999997
12,161.99999999999997
13,161.99999999999997
14,161.99999999999997
15,161.99999999999997
16,161.99999999999997
17,161.99999999999997
18,161.99999999999997
19,161.99999999999997
20,161.99999999999997
21,161.99999999999997
22,161.99999999999997
23,161.99999999999997
24,161.99999999999997
25,161.99999999999997
26,161.99999999999997
27,161.99999999999997
28,161.99999999999997
29,161.99999999999997
30,161.99999999999997
31,161.99999999999997
32,161.99999999999997
33,161.99999999999997
34,161.99999999999997
35,161.99999999999997
36,161.99999999999997
37,161.99999999999997
38,161.99999999999997
39,161.99999999999997
40,161.99999999999997
41,161.99999999999997
42,161.99999999999997
43,161.99999999999997
44,161.99999999999997
45,161.99999999999997
46,161.99999999999997
47,161.99999999999997
48,161.99999999999997
49,161.99999999999997
50,161.99999999999997
51,161.99999999999997
52,161.99999999999997
53,161.99999999999997
54,161.99999999999997
55,161.99999999999997
56,161.99999999999997
57,161.99999999999997
58,161.99999999999997
59,161.99999999999997
60,161.99999999999997
61,161.99999999999997
62,161.99999999999997
63,161.99999999999997
64,161.99999999999997
65,168.0
66,168.0
67,168.0
68,168.0
69,168.0
70,168.0
71,168.0
72,168.0
73,168.0
74,168.0
75,168.0
76,168.0
77,168.0
78,168.0
79,168.0
80,168.0
81,168.0
82,168.0
83,168.0
84,168.0
85,168.0
86,168.0
87,168.0
88,168.0
89,168.0
90,168.0
91,168.0
92,168.0
93,168.0
94,168.0
95,168.0
96,168.0
97,168.0
98,168.0
99,168.0
100,168.0
101,168.0
102,168.0
103,168.0
104,168.0
105,168.0
106,168.0
107,168.0
108,168.0
109,168.0
110,168.0
111,168.0
112,168.0
113,168.0
114,168.0
115,168.0
116,168.0
117,168.0
118,168.0
119,168.0
120,168.0
121,168.0
122,168.0
123,168.0
124,168.0
125,168.0
126,168.0
127,170.0
128,170.0
129,170.0
130,170.0
131,170.0
132,170.0
133,170.0
134,170.0
135,170.0
136,170.0
137,170.0
138,170.0
139,170.0
140,170.0
141,170.0
142,174.0
143,174.0
144,174.0
145,174.0
146,174.0
147,174.0
148,174.0
149,174.0
150,174.0
151,174.0
152,174.0
153,174.0
154,174.0
155,174.0
156,174.0
157,174.0
158,174.0
159,174.0
160,174.0
161,174.0
162,174.0
163,174.0
164,183.0
165,183.0
166,183.0
167,183.0
168,183.0
169,183.0
170,183.0
171,183.0
172,183.0
173,183.0
174,183.0
175,183.0
176,183.0
177,183.0
178,183.0
179,183.0
180,183.0
181,183.0
182,183.0
183,183.0
184,183.0
185,183.0
186,183.0
187,183.0
188,183.0
189,183.0
190,183.0
191,183.0
192,183.0
193,183.0
194,183.0
195,183.0
196,183.0
197,183.0
198,183.0
199,183.0
200,183.0
201,183.0
202,183.0
203,183.0
204,183.0
205,183.0
206,183.0
207,183.0
208,183.0
209,183.0
210,183.0
211,183.0
212,183.0
213,183.0
214,183.0
215,183.0
216,183.0
217,183.0
218,183.0
219,183.0
220,183.0
221,183.0
222,183.0
223,183.0
224,183.0
225,183.0
226,183.0
227,183.0
228,183.0
229,183.0
230,183.0
231,183.0
232,183.0
233,183.0
234,183.0
235,183.0
236,183.0
237,183.0
238,183.0
239,183.0
240,183.0
241,183.0
242,183.0
243,183.0
244,183.0
245,183.0
246,183.0
247,183.0
248,183.0
249,183.0
250,183.0
251,183.0
252,183.0
253,183.0
254,183.0
255,183.0
256,183.0
257,183.0
258,183.0
259,183.0
260,183.0
261,183.0
262,183.0
263,183.0
264,183.0
265,183.0
266,183.0
267,183.0
268,183.0
269,183.0
270,183.0
271,183.0
272,183.0
273,183.0
274,183.0
275,183.0
276,183.0
277,183.0
278,183.0
279,183.0
280,183.0
281,183.0
282,183.0
283,183.0
284,183.0
285,183.0
286,183.0
287,183.0
288,183.0
289,183.0
290,183.0
291,183.0
292,183.0
293,183.0
294,183.0
295,183.0
296,183.0
297,183.0
298,183.0
299,183.0
300,183.0
301,183.0
302,183.0
303,183.0
304,183.0
305,183.0
306,183.0
307,183.0
308,183.0
309,183.0
310,183.0
311,183.0
312,183.0
313,185.0
314,185.0
315,185.0
316,185.0
317,185.0
318,185.0
319,185.0
320,186.0
321,186.0
322,186.0
323,186.0
324,186.0
325,186.0
326,186.0
327,186.0
328,186.0
329,186.0
330,186.0
331,186.0
332,186.0
333,186.0
334,186.0
335,186.0
336,186.0
337,186.0
338,186.0
339,186.0
340,186.0
341,186.0
342,186.0
343,186.0
344,186.0
345,186.0
346,186.0
347,186.0
348,186.0
349,186.0
350,186.0
351,186.0
352,186.0
353,186.0
354,186.0
355,186.0
356,186.0
357,186.0
358,186.0
359,186.0
360,186.0
361,186.0
362,186.0
363,186.0
364,186.0
365,186.0
366,186.0
367,186.0
368,186.0
369,186.0
370,186.0
371,186.0
372,186.0
373,186.0
374,186.0
375,186.0
376,186.0
377,186.0
378,186.0
379,186.0
380,186.0
381,186.0
382,186.0
383,186.0
384,186.0
385,186.0
386,186.0
387,186.0
388,186.0
389,186.0
390,186.0
391,186.0
392,186.0
393,186.0
394,186.0
395,186.0
396,186.0
397,186.0
398,186.0
399,186.0
400,186.0
401,186.0
402,186.0
403,186.0
404,186.0
405,186.0
406,186.0
407,186.0
408,186.0
409,186.0
410,186.0
411,186.0
412,186.0
413,186.0
414,186.0
415,186.0
416,186.0
417,186.0
418,186.0
419,186.0
420,186.0
421,186.0
422,186.0
423,186.0
424,186.0
425,186.0
426,186.0
427,186.0
428,186.0
429,186.0
430,186.0
431,186.0
432,186.0
433,186.0
434,186.0
435,186.0
436,186.0
437,186.0
438,186.0
439,186.0
440,186.0
441,186.0
442,186.0
443,186.0
444,186.0
445,186.0
446,186.0
447,186.0
448,186.0
449,186.0
450,186.0
451,186.0
452,186.0
453,186.0
454,186.0
455,186.0
456,186.0
457,186.0
458,186.0
459,186.0
460,186.0
461,186.0
462,186.0
463,186.0
464,186.0
465,186.0
466,186.0
467,186.0
468,186.0
469,186.0
470,186.0
471,186.0
472,186.0
473,186.0
474,186.0
475,186.0
476,186.0
477,186.0
478,186.0
479,186.0
480,186.0
481,186.0
482,186.0
483,186.0
484,186.0
485,186.0
486,186.0
487,186.0
488,186.0
489,186.0
490,186.0
491,186.0
492,186.0
493,186.0
494,186.0
495,186.0
496,186.0
497,186.0
498,186.0
499,186.0
500,186.0
