,0
0,186.0
1,186.0
2,186.0
3,186.0
4,186.0
5,186.0
6,186.0
7,186.0
8,186.0
9,186.0
10,187.0
11,187.0
12,187.0
13,187.0
14,187.0
15,187.0
16,187.0
17,187.0
18,187.0
19,187.0
20,187.0
21,187.0
22,187.0
23,187.0
24,187.0
25,187.0
26,187.0
27,187.0
28,187.0
29,187.0
30,187.0
31,187.0
32,187.0
33,187.0
34,187.0
35,187.0
36,193.0
37,193.0
38,193.0
39,193.0
40,193.0
41,193.0
42,193.0
43,193.0
44,193.0
45,193.0
46,207.0
47,207.0
48,207.0
49,207.0
50,207.0
51,207.0
52,207.0
53,207.0
54,207.0
55,207.0
56,207.0
57,207.0
58,207.0
59,207.0
60,207.0
61,207.0
62,207.0
63,207.0
64,207.0
65,207.0
66,207.0
67,207.0
68,207.0
69,207.0
70,207.0
71,207.0
72,207.0
73,207.0
74,207.0
75,207.0
76,207.0
77,207.0
78,207.0
79,207.0
80,207.0
81,207.0
82,207.0
83,207.0
84,207.0
85,207.0
86,207.0
87,207.0
88,207.0
89,207.0
90,207.0
91,207.0
92,207.0
93,207.0
94,207.0
95,207.0
96,207.0
97,207.0
98,207.0
99,207.0
100,207.0
101,207.0
102,207.0
103,207.0
104,207.0
105,207.0
106,207.0
107,207.0
108,207.0
109,207.0
110,207.0
111,207.0
112,207.0
113,207.0
114,207.0
115,207.0
116,207.0
117,207.0
118,207.0
119,207.0
120,207.0
121,207.0
122,207.0
123,207.0
124,207.0
125,207.0
126,207.0
127,207.0
128,207.0
129,207.0
130,207.0
131,207.0
132,207.0
133,207.0
134,207.0
135,207.0
136,207.0
137,207.0
138,207.0
139,207.0
140,207.0
141,207.0
142,207.0
143,207.0
144,207.0
145,207.0
146,207.0
147,207.0
148,207.0
149,207.0
150,207.0
151,207.0
152,207.0
153,207.0
154,207.0
155,207.0
156,207.0
157,207.0
158,207.0
159,207.0
160,207.0
161,207.0
162,207.0
163,207.0
164,207.0
165,207.0
166,207.0
167,207.0
168,207.0
169,207.0
170,207.0
171,207.0
172,207.0
173,207.0
174,207.0
175,207.0
176,207.0
177,207.0
178,207.0
179,207.0
180,207.0
181,207.0
182,207.0
183,207.0
184,207.0
185,207.0
186,207.0
187,207.0
188,207.0
189,207.0
190,207.0
191,207.0
192,207.0
193,207.0
194,207.0
195,207.0
196,207.0
197,207.0
198,207.0
199,207.0
200,207.0
201,207.0
202,207.0
203,207.0
204,207.0
205,207.0
206,207.0
207,207.0
208,207.0
209,207.0
210,207.0
211,207.0
212,207.0
213,207.0
214,207.0
215,207.0
216,207.0
217,207.0
218,207.0
219,207.0
220,207.0
221,207.0
222,207.0
223,207.0
224,207.0
225,207.0
226,207.0
227,207.0
228,207.0
229,207.0
230,207.0
231,207.0
232,207.0
233,207.0
234,207.0
235,207.0
236,207.0
237,207.0
238,207.0
239,207.0
240,207.0
241,207.0
242,207.0
243,207.0
244,207.0
245,207.0
246,207.0
247,207.0
248,207.0
249,207.0
250,207.0
251,207.0
252,207.0
253,207.0
254,207.0
255,207.0
256,207.0
257,207.0
258,207.0
259,207.0
260,207.0
261,207.0
262,207.0
263,207.0
264,207.0
265,207.0
266,207.0
267,207.0
268,207.0
269,207.0
270,207.0
271,207.0
272,207.0
273,207.0
274,207.0
275,207.0
276,207.0
277,207.0
278,207.0
279,207.0
280,207.0
281,207.0
282,207.0
283,207.0
284,207.0
285,207.0
286,207.0
287,207.0
288,207.0
289,207.0
290,207.0
291,207.0
292,207.0
293,207.0
294,207.0
295,207.0
296,207.0
297,207.0
298,207.0
299,207.0
300,207.0
301,207.0
302,207.0
303,207.0
304,207.0
305,207.0
306,207.0
307,207.0
308,207.0
309,207.0
310,207.0
311,207.0
312,207.0
313,207.0
314,207.0
315,207.0
316,207.0
317,207.0
318,207.0
319,207.0
320,207.0
321,207.0
322,207.0
323,207.0
324,207.0
325,207.0
326,219.0
327,219.0
328,219.0
329,219.0
330,219.0
331,219.0
332,219.0
333,219.0
334,219.0
335,219.0
336,219.0
337,219.0
338,219.0
339,219.0
340,219.0
341,219.0
342,219.0
343,219.0
344,219.0
345,219.0
346,219.0
347,219.0
348,219.0
349,219.0
350,219.0
351,219.0
352,219.0
353,219.0
354,219.0
355,219.0
356,219.0
357,219.0
358,219.0
359,219.0
360,219.0
361,219.0
362,219.0
363,219.0
364,219.0
365,219.0
366,219.0
367,219.0
368,219.0
369,219.0
370,219.0
371,219.0
372,219.0
373,219.0
374,219.0
375,219.0
376,219.0
377,219.0
378,219.0
379,219.0
380,219.0
381,219.0
382,219.0
383,219.0
384,219.0
385,219.0
386,219.0
387,219.0
388,219.0
389,219.0
390,219.0
391,219.0
392,219.0
393,219.0
394,219.0
395,219.0
396,219.0
397,219.0
398,219.0
399,219.0
400,219.0
401,219.0
402,219.0
403,219.0
404,219.0
405,219.0
406,219.0
407,219.0
408,219.0
409,219.0
410,219.0
411,219.0
412,219.0
413,219.0
414,219.0
415,219.0
416,219.0
417,219.0
418,219.0
419,219.0
420,219.0
421,219.0
422,219.0
423,219.0
424,219.0
425,219.0
426,219.0
427,219.0
428,219.0
429,219.0
430,219.0
431,219.0
432,219.0
433,219.0
434,219.0
435,219.0
436,219.0
437,219.0
438,219.0
439,221.99999999999997
440,221.99999999999997
441,221.99999999999997
442,221.99999999999997
443,221.99999999999997
444,221.99999999999997
445,221.99999999999997
446,221.99999999999997
447,221.99999999999997
448,221.99999999999997
449,221.99999999999997
450,221.99999999999997
451,221.99999999999997
452,221.99999999999997
453,221.99999999999997
454,221.99999999999997
455,221.99999999999997
456,221.99999999999997
457,221.99999999999997
458,221.99999999999997
459,221.99999999999997
460,221.99999999999997
461,221.99999999999997
462,221.99999999999997
463,221.99999999999997
464,221.99999999999997
465,221.99999999999997
466,221.99999999999997
467,221.99999999999997
468,221.99999999999997
469,221.99999999999997
470,221.99999999999997
471,221.99999999999997
472,221.99999999999997
473,221.99999999999997
474,221.99999999999997
475,221.99999999999997
476,221.99999999999997
477,221.99999999999997
478,221.99999999999997
479,221.99999999999997
480,221.99999999999997
481,221.99999999999997
482,221.99999999999997
483,221.99999999999997
484,221.99999999999997
485,221.99999999999997
486,221.99999999999997
487,221.99999999999997
488,221.99999999999997
489,221.99999999999997
490,221.99999999999997
491,221.99999999999997
492,221.99999999999997
493,221.99999999999997
494,221.99999999999997
495,221.99999999999997
496,221.99999999999997
497,221.99999999999997
498,221.99999999999997
499,221.99999999999997
500,221.99999999999997
