,0
0,4.0
1,4.0
2,4.0
3,4.0
4,4.0
5,4.0
6,4.0
7,4.0
8,4.0
9,4.0
10,4.0
11,4.0
12,4.0
13,4.0
14,4.0
15,4.0
16,4.0
17,4.0
18,4.0
19,4.0
20,4.0
21,4.0
22,4.0
23,4.0
24,4.0
25,4.0
26,4.0
27,4.0
28,4.0
29,4.0
30,4.0
31,4.0
32,4.0
33,4.0
34,4.0
35,4.0
36,4.0
37,4.0
38,4.0
39,4.0
40,4.0
41,4.0
42,4.0
43,4.0
44,4.0
45,4.0
46,4.0
47,4.0
48,4.0
49,4.0
50,4.0
51,4.0
52,4.0
53,4.0
54,4.0
55,16.999999999999996
56,16.999999999999996
57,16.999999999999996
58,16.999999999999996
59,16.999999999999996
60,16.999999999999996
61,16.999999999999996
62,16.999999999999996
63,16.999999999999996
64,16.999999999999996
65,16.999999999999996
66,16.999999999999996
67,16.999999999999996
68,16.999999999999996
69,16.999999999999996
70,16.999999999999996
71,23.0
72,23.0
73,23.0
74,23.0
75,23.0
76,23.0
77,23.0
78,23.0
79,23.0
80,23.0
81,23.0
82,23.0
83,23.0
84,23.0
85,23.0
86,23.0
87,23.0
88,23.0
89,23.0
90,23.0
91,23.0
92,23.0
93,23.0
94,23.0
95,23.0
96,23.0
97,23.0
98,23.0
99,23.0
100,23.0
101,23.0
102,23.0
103,23.0
104,23.0
105,23.0
106,23.0
107,23.0
108,32.0
109,32.0
110,32.0
111,32.0
112,32.0
113,32.0
114,32.0
115,32.0
116,32.0
117,32.0
118,32.0
119,32.0
120,32.0
121,32.0
122,32.0
123,32.0
124,32.0
125,32.0
126,32.0
127,32.0
128,32.0
129,44.0
130,44.0
131,44.0
132,44.0
133,44.0
134,44.0
135,44.0
136,44.0
137,44.0
138,44.0
139,44.0
140,44.0
141,44.0
142,44.0
143,44.0
144,44.0
145,44.0
146,44.0
147,44.0
148,44.0
149,44.0
150,44.0
151,44.0
152,44.0
153,44.0
154,44.0
155,51.99999999999999
156,51.99999999999999
157,51.99999999999999
158,51.99999999999999
159,51.99999999999999
160,51.99999999999999
161,84.0
162,84.0
163,84.0
164,84.0
165,84.0
166,84.0
167,84.0
168,84.0
169,84.0
170,84.0
171,84.0
172,84.0
173,84.0
174,84.0
175,84.0
176,84.0
177,84.0
178,84.0
179,84.0
180,84.0
181,84.0
182,84.0
183,84.0
184,84.0
185,84.0
186,84.0
187,84.0
188,84.0
189,84.0
190,84.0
191,84.0
192,84.0
193,84.0
194,84.0
195,84.0
196,84.0
197,84.0
198,84.0
199,84.0
200,84.0
201,84.0
202,84.0
203,84.0
204,84.0
205,84.0
206,84.0
207,84.0
208,84.0
209,84.0
210,84.0
211,84.0
212,84.0
213,84.0
214,84.0
215,84.0
216,84.0
217,84.0
218,84.0
219,84.0
220,84.0
221,84.0
222,84.0
223,84.0
224,84.0
225,84.0
226,84.0
227,84.0
228,84.0
229,84.0
230,84.0
231,84.0
232,99.0
233,99.0
234,99.0
235,99.0
236,99.0
237,99.0
238,99.0
239,99.0
240,99.0
241,99.0
242,99.0
243,99.0
244,99.0
245,99.0
246,99.0
247,99.0
248,99.0
249,99.0
250,99.0
251,99.0
252,99.0
253,99.0
254,99.0
255,99.0
256,99.0
257,99.0
258,99.0
259,99.0
260,99.0
261,99.0
262,99.0
263,99.0
264,99.0
265,99.0
266,99.0
267,99.0
268,99.0
269,99.0
270,99.0
271,124.99999999999999
272,124.99999999999999
273,124.99999999999999
274,124.99999999999999
275,124.99999999999999
276,124.99999999999999
277,124.99999999999999
278,124.99999999999999
279,124.99999999999999
280,124.99999999999999
281,124.99999999999999
282,124.99999999999999
283,124.99999999999999
284,124.99999999999999
285,124.99999999999999
286,124.99999999999999
287,124.99999999999999
288,124.99999999999999
289,124.99999999999999
290,124.99999999999999
291,124.99999999999999
292,124.99999999999999
293,124.99999999999999
294,124.99999999999999
295,124.99999999999999
296,124.99999999999999
297,124.99999999999999
298,124.99999999999999
299,124.99999999999999
300,124.99999999999999
301,124.99999999999999
302,124.99999999999999
303,124.99999999999999
304,124.99999999999999
305,124.99999999999999
306,124.99999999999999
307,124.99999999999999
308,124.99999999999999
309,124.99999999999999
310,124.99999999999999
311,124.99999999999999
312,124.99999999999999
313,124.99999999999999
314,124.99999999999999
315,124.99999999999999
316,124.99999999999999
317,124.99999999999999
318,124.99999999999999
319,124.99999999999999
320,124.99999999999999
321,124.99999999999999
322,124.99999999999999
323,124.99999999999999
324,124.99999999999999
325,124.99999999999999
326,124.99999999999999
327,124.99999999999999
328,124.99999999999999
329,124.99999999999999
330,124.99999999999999
331,124.99999999999999
332,124.99999999999999
333,124.99999999999999
334,124.99999999999999
335,124.99999999999999
336,124.99999999999999
337,124.99999999999999
338,124.99999999999999
339,124.99999999999999
340,124.99999999999999
341,124.99999999999999
342,124.99999999999999
343,124.99999999999999
344,124.99999999999999
345,137.0
346,137.0
347,137.0
348,137.0
349,137.0
350,137.0
351,137.0
352,137.0
353,137.0
354,137.0
355,137.0
356,137.0
357,137.0
358,137.0
359,137.0
360,137.0
361,137.0
362,137.0
363,137.0
364,137.0
365,137.0
366,137.0
367,137.0
368,137.0
369,137.0
370,137.0
371,137.0
372,137.0
373,137.0
374,137.0
375,137.0
376,137.0
377,137.0
378,137.0
379,137.0
380,137.0
381,137.0
382,137.0
383,137.0
384,137.0
385,137.0
386,137.0
387,137.0
388,137.0
389,137.0
390,137.0
391,137.0
392,137.0
393,137.0
394,137.0
395,137.0
396,137.0
397,137.0
398,137.0
399,137.0
400,137.0
401,137.0
402,141.0
403,141.0
404,141.0
405,141.0
406,141.0
407,141.0
408,141.0
409,141.0
410,141.0
411,141.0
412,141.99999999999997
413,141.99999999999997
414,141.99999999999997
415,145.99999999999997
416,145.99999999999997
417,145.99999999999997
418,145.99999999999997
419,145.99999999999997
420,145.99999999999997
421,145.99999999999997
422,145.99999999999997
423,145.99999999999997
424,145.99999999999997
425,145.99999999999997
426,145.99999999999997
427,145.99999999999997
428,145.99999999999997
429,145.99999999999997
430,145.99999999999997
431,145.99999999999997
432,145.99999999999997
433,145.99999999999997
434,145.99999999999997
435,145.99999999999997
436,145.99999999999997
437,145.99999999999997
438,145.99999999999997
439,145.99999999999997
440,145.99999999999997
441,145.99999999999997
442,145.99999999999997
443,157.99999999999997
444,157.99999999999997
445,157.99999999999997
446,157.99999999999997
447,157.99999999999997
448,157.99999999999997
449,157.99999999999997
450,157.99999999999997
451,157.99999999999997
452,157.99999999999997
453,157.99999999999997
454,157.99999999999997
455,157.99999999999997
456,157.99999999999997
457,157.99999999999997
458,157.99999999999997
459,157.99999999999997
460,157.99999999999997
461,157.99999999999997
462,157.99999999999997
463,157.99999999999997
464,157.99999999999997
465,157.99999999999997
466,157.99999999999997
467,157.99999999999997
468,157.99999999999997
469,157.99999999999997
470,157.99999999999997
471,157.99999999999997
472,157.99999999999997
473,157.99999999999997
474,157.99999999999997
475,157.99999999999997
476,157.99999999999997
477,157.99999999999997
478,157.99999999999997
479,157.99999999999997
480,157.99999999999997
481,157.99999999999997
482,157.99999999999997
483,157.99999999999997
484,157.99999999999997
485,157.99999999999997
486,157.99999999999997
487,157.99999999999997
488,157.99999999999997
489,157.99999999999997
490,157.99999999999997
491,157.99999999999997
492,157.99999999999997
493,157.99999999999997
494,157.99999999999997
495,157.99999999999997
496,161.99999999999997
497,161.99999999999997
498,161.99999999999997
499,161.99999999999997
500,161.99999999999997
