,0
0,1.04814389590509
1,1.04814389590509
2,1.04814389590509
3,1.04814389590509
4,1.04814389590509
5,1.04814389590509
6,1.04814389590509
7,1.04814389590509
8,1.04814389590509
9,1.04814389590509
10,1.04814389590509
11,1.04814389590509
12,1.04814389590509
13,0.04814389590508994
14,0.04814389590508994
15,0.04814389590508994
16,0.9814772292384233
17,-0.08518943742824336
18,-0.08518943742824336
19,-0.08518943742824336
20,-0.08518943742824336
21,-0.08518943742824336
22,-0.08518943742824336
23,-0.08518943742824336
24,-0.08518943742824336
25,-0.08518943742824336
26,-0.08518943742824336
27,-0.08518943742824336
28,-0.08518943742824336
29,-0.08518943742824336
30,-0.08518943742824336
31,-1.0851894374282434
32,-1.0851894374282434
33,-1.0851894374282434
34,-1.0851894374282434
35,-1.0851894374282434
36,-1.0851894374282434
37,-1.0851894374282434
38,-1.0851894374282434
39,-1.0851894374282434
40,-1.0851894374282434
41,-1.0851894374282434
42,-1.0851894374282434
43,-1.0851894374282434
44,-1.15185610409491
45,-1.15185610409491
46,-1.15185610409491
47,-1.15185610409491
48,-1.15185610409491
49,-1.15185610409491
50,-1.15185610409491
51,-1.15185610409491
52,-1.15185610409491
53,-1.15185610409491
54,-2.15185610409491
55,-1.778721775736701
56,-1.778721775736701
57,-1.7120551090700344
58,-1.7120551090700344
59,-1.7120551090700344
60,-1.7120551090700344
61,-1.7120551090700344
62,-1.778721775736701
63,-1.778721775736701
64,-1.778721775736701
65,-1.778721775736701
66,-1.778721775736701
67,-1.778721775736701
68,-1.778721775736701
69,-1.778721775736701
70,-1.778721775736701
71,-1.6065059318790662
72,-1.6065059318790662
73,-1.6065059318790662
74,-1.6065059318790662
75,-1.6065059318790662
76,-1.6065059318790662
77,-1.6065059318790662
78,-1.6065059318790662
79,-1.6065059318790662
80,-1.6065059318790662
81,-1.6065059318790662
82,-1.6065059318790662
83,-1.6065059318790662
84,-1.6065059318790662
85,-1.6065059318790662
86,-1.6065059318790662
87,-1.6065059318790662
88,-1.6065059318790662
89,-1.6065059318790662
90,-1.6065059318790662
91,-1.6065059318790662
92,-1.6065059318790662
93,-1.5398392652123993
94,-1.5398392652123993
95,-1.5398392652123993
96,-1.5398392652123993
97,-1.5398392652123993
98,-1.5398392652123993
99,-1.5398392652123993
100,-1.5398392652123993
101,-1.5398392652123993
102,-2.5398392652123993
103,-2.5398392652123993
104,-2.5398392652123993
105,-2.5398392652123993
106,-2.5398392652123993
107,-2.5398392652123993
108,-2.281515499425947
109,-2.281515499425947
110,-2.281515499425947
111,-2.281515499425947
112,-2.281515499425947
113,-2.281515499425947
114,-2.281515499425947
115,-2.281515499425947
116,-2.281515499425947
117,-2.281515499425947
118,-1.281515499425947
119,-1.281515499425947
120,-1.281515499425947
121,-1.281515499425947
122,-1.281515499425947
123,-1.281515499425947
124,-1.281515499425947
125,-1.281515499425947
126,-0.21484883275928057
127,-0.21484883275928057
128,-0.21484883275928057
129,0.1295828549559892
130,0.1295828549559892
131,0.1295828549559892
132,0.1295828549559892
133,0.1295828549559892
134,0.1295828549559892
135,0.1295828549559892
136,0.1295828549559892
137,0.19624952162265608
138,0.19624952162265608
139,0.19624952162265608
140,0.19624952162265608
141,0.19624952162265608
142,-0.8037504783773439
143,-0.8037504783773439
144,-0.8037504783773439
145,-0.8037504783773439
146,-0.8037504783773439
147,-0.8037504783773439
148,-0.8037504783773439
149,-0.8037504783773439
150,-0.8037504783773439
151,-0.8037504783773439
152,-0.8037504783773439
153,-0.8037504783773439
154,-0.8037504783773439
155,-0.5741293532338307
156,-0.5741293532338307
157,-0.5741293532338307
158,-0.5741293532338307
159,-0.5741293532338307
160,-0.5741293532338307
161,0.344355147340222
162,0.344355147340222
163,0.344355147340222
164,0.344355147340222
165,0.344355147340222
166,0.344355147340222
167,0.344355147340222
168,0.344355147340222
169,0.344355147340222
170,0.344355147340222
171,1.2776884806735551
172,1.2776884806735551
173,1.2776884806735551
174,1.2776884806735551
175,1.2776884806735551
176,1.2776884806735551
177,1.2776884806735551
178,1.2776884806735551
179,1.2776884806735551
180,1.2776884806735551
181,1.2110218140068882
182,1.2110218140068882
183,1.2110218140068882
184,1.2110218140068882
185,1.2110218140068882
186,1.2110218140068882
187,1.2110218140068882
188,1.2110218140068882
189,1.1443551473402218
190,1.1443551473402218
191,1.1443551473402218
192,1.1443551473402218
193,1.1443551473402218
194,1.1443551473402218
195,1.1443551473402218
196,1.1443551473402218
197,1.1443551473402218
198,1.1443551473402218
199,1.1443551473402218
200,0.1443551473402218
201,1.2110218140068882
202,1.2110218140068882
203,1.2110218140068882
204,1.2110218140068882
205,1.2110218140068882
206,1.2110218140068882
207,1.2110218140068882
208,1.2110218140068882
209,1.2110218140068882
210,1.2110218140068882
211,1.2110218140068882
212,1.2110218140068882
213,1.2110218140068882
214,1.2110218140068882
215,0.21102181400688824
216,0.21102181400688824
217,0.21102181400688824
218,0.21102181400688824
219,0.1443551473402218
220,0.1443551473402218
221,0.1443551473402218
222,0.1443551473402218
223,-0.8556448526597782
224,-0.8556448526597782
225,-1.8556448526597782
226,-1.8556448526597782
227,-1.922311519326445
228,-1.922311519326445
229,-0.9223115193264451
230,-0.9223115193264451
231,-0.9223115193264451
232,-0.49177190968235784
233,-0.49177190968235784
234,-0.49177190968235784
235,0.5082280903176422
236,0.5082280903176422
237,0.5082280903176422
238,0.5082280903176422
239,0.5082280903176422
240,0.5082280903176422
241,0.5082280903176422
242,0.5082280903176422
243,0.5082280903176422
244,0.4415614236509757
245,0.4415614236509757
246,0.4415614236509757
247,0.4415614236509757
248,0.5082280903176422
249,0.5082280903176422
250,0.4415614236509757
251,0.4415614236509757
252,0.4415614236509757
253,0.4415614236509757
254,0.4415614236509757
255,0.4415614236509757
256,0.4415614236509757
257,0.4415614236509757
258,0.4415614236509757
259,0.4415614236509757
260,-0.5584385763490243
261,-0.5584385763490243
262,-0.5584385763490243
263,-0.5584385763490243
264,-0.5584385763490243
265,-0.5584385763490243
266,-0.5584385763490243
267,-0.5584385763490243
268,-0.5584385763490243
269,-0.5584385763490243
270,-0.5584385763490243
271,0.18783008036739357
272,0.18783008036739357
273,0.18783008036739357
274,0.18783008036739357
275,0.18783008036739357
276,0.25449674703406
277,0.25449674703406
278,0.25449674703406
279,0.18783008036739357
280,0.18783008036739357
281,0.18783008036739357
282,0.18783008036739357
283,0.18783008036739357
284,0.18783008036739357
285,0.18783008036739357
286,0.18783008036739357
287,0.18783008036739357
288,0.18783008036739357
289,0.18783008036739357
290,0.18783008036739357
291,1.1211634137007271
292,1.1211634137007271
293,1.1211634137007271
294,1.1211634137007271
295,1.1211634137007271
296,1.1211634137007271
297,1.1211634137007271
298,1.1211634137007271
299,1.1211634137007271
300,1.1211634137007271
301,1.1211634137007271
302,1.0544967470340598
303,1.0544967470340598
304,1.0544967470340598
305,2.05449674703406
306,2.05449674703406
307,2.05449674703406
308,2.05449674703406
309,2.05449674703406
310,2.05449674703406
311,2.05449674703406
312,2.05449674703406
313,2.05449674703406
314,2.05449674703406
315,2.05449674703406
316,2.05449674703406
317,2.05449674703406
318,2.05449674703406
319,1.0544967470340598
320,1.0544967470340598
321,1.0544967470340598
322,1.0544967470340598
323,1.0544967470340598
324,0.05449674703405982
325,0.12116341370072714
326,0.12116341370072714
327,-0.8788365862992729
328,-0.8788365862992729
329,-0.8788365862992729
330,-0.8788365862992729
331,-0.8788365862992729
332,-0.8788365862992729
333,-0.8788365862992729
334,-0.8788365862992729
335,-0.8121699196326064
336,-0.8121699196326064
337,-0.8121699196326064
338,-0.8121699196326064
339,-1.8121699196326064
340,-0.8121699196326064
341,0.18783008036739357
342,0.18783008036739357
343,-0.8121699196326064
344,-0.8121699196326064
345,-0.46773823191733666
346,-0.46773823191733666
347,-0.46773823191733666
348,-0.46773823191733666
349,-0.46773823191733666
350,-0.5344048985840031
351,0.4655951014159969
352,-0.5344048985840031
353,-1.534404898584003
354,-1.6010715652506695
355,-0.6010715652506695
356,0.3989284347493305
357,0.3989284347493305
358,0.3989284347493305
359,0.3989284347493305
360,0.3989284347493305
361,0.3989284347493305
362,0.3989284347493305
363,0.3989284347493305
364,0.3989284347493305
365,0.4655951014159969
366,-0.5344048985840031
367,-0.5344048985840031
368,-0.5344048985840031
369,-0.5344048985840031
370,-0.5344048985840031
371,-1.534404898584003
372,-1.4677382319173367
373,-2.4677382319173367
374,-1.4677382319173367
375,-0.46773823191733666
376,-1.4677382319173367
377,-1.4677382319173367
378,-2.4677382319173367
379,-1.4677382319173367
380,-1.4677382319173367
381,-2.4677382319173367
382,-2.4677382319173367
383,-2.4677382319173367
384,-2.4677382319173367
385,-1.4677382319173367
386,-1.4677382319173367
387,-1.4677382319173367
388,-1.4677382319173367
389,-0.46773823191733666
390,-1.4677382319173367
391,-2.4677382319173367
392,-2.4677382319173367
393,-1.4677382319173367
394,-1.4010715652506693
395,-2.4010715652506693
396,-2.4010715652506693
397,-2.4010715652506693
398,-2.4010715652506693
399,-2.4010715652506693
400,-1.4010715652506693
401,-1.334404898584003
402,-2.2195943360122463
403,-1.2195943360122463
404,-0.28626100267891275
405,-0.28626100267891275
406,-0.28626100267891275
407,-0.28626100267891275
408,-0.28626100267891275
409,-0.28626100267891275
410,-0.28626100267891275
411,-0.28626100267891275
412,-1.257558362035974
413,-0.25755836203597404
414,-0.25755836203597404
415,-0.14274779946421745
416,-0.14274779946421745
417,-0.14274779946421745
418,0.8572522005357825
419,-0.14274779946421745
420,-0.14274779946421745
421,-0.14274779946421745
422,-0.20941446613088477
423,-0.20941446613088477
424,-0.20941446613088477
425,-0.20941446613088477
426,-0.20941446613088477
427,0.7905855338691152
428,0.7905855338691152
429,0.7905855338691152
430,0.7905855338691152
431,0.7905855338691152
432,0.7905855338691152
433,-0.20941446613088477
434,0.7905855338691152
435,0.8572522005357825
436,0.8572522005357825
437,0.8572522005357825
438,0.8572522005357825
439,0.8572522005357825
440,0.8572522005357825
441,0.8572522005357825
442,0.8572522005357825
443,1.2016838882510523
444,1.2016838882510523
445,1.2016838882510523
446,0.20168388825105232
447,1.2016838882510523
448,1.2016838882510523
449,1.2016838882510523
450,1.2016838882510523
451,1.2016838882510523
452,1.2016838882510523
453,1.2016838882510523
454,1.2016838882510523
455,1.2016838882510523
456,1.135017221584385
457,1.135017221584385
458,1.135017221584385
459,1.135017221584385
460,1.135017221584385
461,0.135017221584385
462,1.135017221584385
463,1.135017221584385
464,2.0683505549177186
465,2.0683505549177186
466,2.0683505549177186
467,2.0683505549177186
468,1.0683505549177186
469,2.0683505549177186
470,2.0683505549177186
471,2.135017221584385
472,2.135017221584385
473,2.135017221584385
474,2.135017221584385
475,3.135017221584385
476,3.135017221584385
477,2.135017221584385
478,1.135017221584385
479,2.135017221584385
480,2.135017221584385
481,1.135017221584385
482,1.135017221584385
483,1.135017221584385
484,1.135017221584385
485,1.135017221584385
486,1.135017221584385
487,1.135017221584385
488,1.135017221584385
489,1.2016838882510523
490,1.2016838882510523
491,1.2016838882510523
492,1.2016838882510523
493,1.135017221584385
494,1.135017221584385
495,1.135017221584385
496,0.2498277841561416
497,0.18316111748947517
498,0.18316111748947517
499,0.18316111748947517
500,0.18316111748947517
