,0
0,4.249827784156142
1,4.249827784156142
2,4.249827784156142
3,4.249827784156142
4,4.249827784156142
5,4.249827784156142
6,4.249827784156142
7,3.2498277841561416
8,4.249827784156142
9,4.249827784156142
10,4.249827784156142
11,4.249827784156142
12,4.249827784156142
13,4.249827784156142
14,4.249827784156142
15,4.249827784156142
16,4.249827784156142
17,4.249827784156142
18,4.249827784156142
19,4.249827784156142
20,4.249827784156142
21,4.249827784156142
22,4.249827784156142
23,4.249827784156142
24,4.249827784156142
25,4.249827784156142
26,4.183161117489475
27,4.183161117489475
28,3.183161117489475
29,3.183161117489475
30,3.183161117489475
31,3.183161117489475
32,3.183161117489475
33,3.183161117489475
34,3.183161117489475
35,2.1164944508228087
36,2.1164944508228087
37,2.1164944508228087
38,2.1164944508228087
39,2.1164944508228087
40,2.183161117489475
41,2.183161117489475
42,2.183161117489475
43,2.183161117489475
44,2.183161117489475
45,3.183161117489475
46,3.183161117489475
47,3.183161117489475
48,2.183161117489475
49,3.183161117489475
50,3.183161117489475
51,2.183161117489475
52,1.1831611174894752
53,1.2498277841561416
54,0.2498277841561416
55,0.2498277841561416
56,-0.7501722158438584
57,-0.7501722158438584
58,-0.7501722158438584
59,-0.7501722158438584
60,-0.7501722158438584
61,0.2498277841561416
62,1.2498277841561416
63,1.2498277841561416
64,0.2498277841561416
65,0.4220436280137765
66,0.4220436280137765
67,0.4220436280137765
68,1.4220436280137765
69,0.4220436280137765
70,0.4220436280137765
71,0.4220436280137765
72,0.4220436280137765
73,0.4220436280137765
74,-0.5779563719862235
75,-0.5779563719862235
76,0.4220436280137765
77,1.4220436280137765
78,1.4220436280137765
79,1.4220436280137765
80,1.4220436280137765
81,1.4220436280137765
82,1.4220436280137765
83,2.35537696134711
84,2.35537696134711
85,2.35537696134711
86,2.35537696134711
87,2.35537696134711
88,2.35537696134711
89,2.35537696134711
90,2.35537696134711
91,2.4220436280137765
92,2.4220436280137765
93,2.4220436280137765
94,2.4220436280137765
95,2.488710294680444
96,2.488710294680444
97,2.488710294680444
98,2.488710294680444
99,2.488710294680444
100,2.488710294680444
101,1.4887102946804438
102,1.4887102946804438
103,1.4220436280137765
104,1.4220436280137765
105,2.4220436280137765
106,1.4220436280137765
107,1.4887102946804438
108,1.4887102946804438
109,1.4887102946804438
110,1.4887102946804438
111,1.4220436280137765
112,1.4220436280137765
113,1.4220436280137765
114,1.4220436280137765
115,1.4220436280137765
116,1.4220436280137765
117,1.4220436280137765
118,1.4220436280137765
119,1.4220436280137765
120,1.4887102946804438
121,1.4887102946804438
122,1.4887102946804438
123,1.4887102946804438
124,1.4887102946804438
125,1.4887102946804438
126,1.4887102946804438
127,1.546115575966323
128,1.546115575966323
129,2.546115575966323
130,2.546115575966323
131,2.546115575966323
132,2.546115575966323
133,2.546115575966323
134,2.6127822426329894
135,2.6127822426329894
136,2.6127822426329894
137,2.546115575966323
138,2.546115575966323
139,3.4794489092996557
140,3.4794489092996557
141,3.4127822426329892
142,3.527592805204746
143,3.527592805204746
144,2.4609261385380794
145,2.4609261385380794
146,2.4609261385380794
147,2.4609261385380794
148,2.394259471871413
149,2.394259471871413
150,2.394259471871413
151,2.394259471871413
152,2.394259471871413
153,2.394259471871413
154,2.394259471871413
155,2.394259471871413
156,2.394259471871413
157,3.4609261385380794
158,4.460926138538079
159,4.460926138538079
160,4.460926138538079
161,4.460926138538079
162,4.460926138538079
163,4.460926138538079
164,4.719249904324531
165,3.7192499043245313
166,4.719249904324531
167,4.719249904324531
168,3.7192499043245313
169,4.719249904324531
170,4.719249904324531
171,4.719249904324531
172,4.719249904324531
173,4.785916570991198
174,4.785916570991198
175,4.785916570991198
176,4.785916570991198
177,4.785916570991198
178,4.785916570991198
179,4.785916570991198
180,4.785916570991198
181,3.7859165709911977
182,3.852583237657864
183,3.852583237657864
184,3.852583237657864
185,3.852583237657864
186,3.852583237657864
187,3.852583237657864
188,3.7859165709911977
189,2.7192499043245313
190,2.7192499043245313
191,2.7192499043245313
192,2.7192499043245313
193,2.7192499043245313
194,3.7859165709911977
195,3.852583237657864
196,3.852583237657864
197,3.852583237657864
198,3.852583237657864
199,3.852583237657864
200,3.852583237657864
201,3.852583237657864
202,3.852583237657864
203,3.852583237657864
204,3.852583237657864
205,3.852583237657864
206,3.852583237657864
207,3.852583237657864
208,2.9192499043245315
209,2.9192499043245315
210,2.9192499043245315
211,2.9192499043245315
212,2.9192499043245315
213,2.9192499043245315
214,2.9192499043245315
215,2.9192499043245315
216,2.985916570991198
217,2.985916570991198
218,2.985916570991198
219,2.985916570991198
220,2.985916570991198
221,2.985916570991198
222,2.985916570991198
223,2.985916570991198
224,2.985916570991198
225,2.985916570991198
226,2.985916570991198
227,2.9192499043245315
228,2.9192499043245315
229,2.9192499043245315
230,2.9192499043245315
231,2.9192499043245315
232,2.9192499043245315
233,2.9192499043245315
234,2.985916570991198
235,2.985916570991198
236,2.985916570991198
237,2.985916570991198
238,2.985916570991198
239,2.985916570991198
240,2.985916570991198
241,2.985916570991198
242,2.985916570991198
243,2.985916570991198
244,2.985916570991198
245,2.985916570991198
246,2.985916570991198
247,3.9192499043245315
248,3.9192499043245315
249,3.9192499043245315
250,3.9192499043245315
251,3.852583237657864
252,3.9192499043245315
253,3.852583237657864
254,3.852583237657864
255,3.852583237657864
256,3.852583237657864
257,3.852583237657864
258,3.852583237657864
259,3.852583237657864
260,3.852583237657864
261,3.852583237657864
262,3.7859165709911977
263,3.7859165709911977
264,3.7859165709911977
265,3.7859165709911977
266,3.7859165709911977
267,3.7859165709911977
268,3.7859165709911977
269,3.7859165709911977
270,3.7859165709911977
271,3.7859165709911977
272,3.7859165709911977
273,3.7859165709911977
274,3.7859165709911977
275,3.7859165709911977
276,3.7859165709911977
277,3.7859165709911977
278,3.7859165709911977
279,3.7859165709911977
280,3.7859165709911977
281,3.7859165709911977
282,3.7859165709911977
283,3.7859165709911977
284,3.7859165709911977
285,3.7859165709911977
286,3.7859165709911977
287,3.7859165709911977
288,3.7859165709911977
289,3.7859165709911977
290,3.7859165709911977
291,3.7859165709911977
292,3.7859165709911977
293,3.7859165709911977
294,3.7859165709911977
295,3.7192499043245313
296,3.7192499043245313
297,3.7192499043245313
298,3.7192499043245313
299,3.7192499043245313
300,3.7192499043245313
301,3.7192499043245313
302,3.7192499043245313
303,3.7192499043245313
304,3.7192499043245313
305,3.7859165709911977
306,4.785916570991198
307,4.785916570991198
308,4.785916570991198
309,4.785916570991198
310,4.785916570991198
311,4.852583237657864
312,3.9192499043245315
313,3.9766551856104098
314,4.97665518561041
315,4.97665518561041
316,4.97665518561041
317,4.97665518561041
318,4.97665518561041
319,4.97665518561041
320,5.0053578262533485
321,5.0053578262533485
322,5.0053578262533485
323,5.0053578262533485
324,5.0053578262533485
325,5.0053578262533485
326,5.0053578262533485
327,4.0053578262533485
328,4.0053578262533485
329,4.0053578262533485
330,4.072024492920015
331,4.072024492920015
332,4.072024492920015
333,5.072024492920015
334,4.072024492920015
335,4.072024492920015
336,5.072024492920015
337,5.072024492920015
338,5.072024492920015
339,5.138691159586681
340,5.138691159586681
341,5.138691159586681
342,5.138691159586681
343,5.138691159586681
344,5.138691159586681
345,5.138691159586681
346,5.138691159586681
347,4.072024492920015
348,4.0053578262533485
349,3.0053578262533485
350,3.0053578262533485
351,3.0053578262533485
352,3.0053578262533485
353,3.0053578262533485
354,2.0053578262533485
355,2.0053578262533485
356,2.0053578262533485
357,2.0053578262533485
358,2.0053578262533485
359,2.0053578262533485
360,2.0053578262533485
361,1.9386911595866811
362,1.9386911595866811
363,0.9386911595866811
364,0.9386911595866811
365,0.8720244929200147
366,0.8720244929200147
367,0.8720244929200147
368,0.8720244929200147
369,0.8720244929200147
370,0.8720244929200147
371,0.8720244929200147
372,0.8720244929200147
373,0.8720244929200147
374,0.8720244929200147
375,0.8720244929200147
376,0.8720244929200147
377,0.8720244929200147
378,0.8720244929200147
379,0.8720244929200147
380,-0.19464217374665171
381,-0.19464217374665171
382,-0.19464217374665171
383,0.8053578262533483
384,0.8053578262533483
385,-0.19464217374665171
386,-0.19464217374665171
387,0.8053578262533483
388,0.8053578262533483
389,0.8720244929200147
390,0.8720244929200147
391,0.8720244929200147
392,0.8720244929200147
393,0.8720244929200147
394,0.8720244929200147
395,0.8720244929200147
396,0.8720244929200147
397,0.8720244929200147
398,0.8720244929200147
399,0.8720244929200147
400,0.8720244929200147
401,1.8720244929200147
402,0.8720244929200147
403,1.8720244929200147
404,1.8720244929200147
405,0.8720244929200147
406,0.8720244929200147
407,0.8720244929200147
408,0.8720244929200147
409,0.8720244929200147
410,0.8720244929200147
411,0.8720244929200147
412,1.8053578262533483
413,1.8720244929200147
414,1.8720244929200147
415,1.8720244929200147
416,1.8720244929200147
417,1.8720244929200147
418,1.8720244929200147
419,1.8720244929200147
420,1.8720244929200147
421,1.8720244929200147
422,1.8720244929200147
423,1.8720244929200147
424,1.8720244929200147
425,1.8720244929200147
426,1.8720244929200147
427,1.8720244929200147
428,1.8720244929200147
429,1.8720244929200147
430,0.8720244929200147
431,0.8720244929200147
432,0.8720244929200147
433,0.8720244929200147
434,0.8720244929200147
435,1.8720244929200147
436,1.8720244929200147
437,1.8720244929200147
438,1.8720244929200147
439,1.8720244929200147
440,1.8720244929200147
441,1.8720244929200147
442,2.938691159586681
443,2.938691159586681
444,2.938691159586681
445,2.938691159586681
446,2.938691159586681
447,2.938691159586681
448,2.938691159586681
449,2.938691159586681
450,2.938691159586681
451,2.938691159586681
452,1.8720244929200147
453,1.8720244929200147
454,1.8720244929200147
455,1.8720244929200147
456,1.8720244929200147
457,1.8720244929200147
458,1.8720244929200147
459,1.8720244929200147
460,1.8720244929200147
461,0.9386911595866811
462,0.9386911595866811
463,0.9386911595866811
464,0.9386911595866811
465,0.8720244929200147
466,0.8720244929200147
467,0.8720244929200147
468,0.8720244929200147
469,0.9386911595866811
470,0.8720244929200147
471,0.8720244929200147
472,0.8720244929200147
473,0.8720244929200147
474,0.8720244929200147
475,0.9386911595866811
476,1.9386911595866811
477,1.9386911595866811
478,1.9386911595866811
479,1.9386911595866811
480,1.9386911595866811
481,1.9386911595866811
482,1.8720244929200147
483,1.8720244929200147
484,1.8720244929200147
485,1.8720244929200147
486,1.8720244929200147
487,1.8053578262533483
488,1.8053578262533483
489,1.7386911595866819
490,1.7386911595866819
491,1.8053578262533483
492,1.8053578262533483
493,1.8053578262533483
494,1.8053578262533483
495,0.8053578262533483
496,0.8053578262533483
497,0.8053578262533483
498,0.8053578262533483
499,0.8053578262533483
500,0.8720244929200147
