,0
0,3.072024492920015
1,3.072024492920015
2,3.072024492920015
3,3.072024492920015
4,3.072024492920015
5,3.072024492920015
6,3.072024492920015
7,3.072024492920015
8,3.072024492920015
9,3.072024492920015
10,3.1007271335629545
11,3.034060466896288
12,2.9673938002296207
13,2.9673938002296207
14,3.034060466896288
15,3.034060466896288
16,3.034060466896288
17,3.034060466896288
18,3.034060466896288
19,3.034060466896288
20,3.034060466896288
21,3.034060466896288
22,3.034060466896288
23,3.1007271335629545
24,3.1007271335629545
25,3.1007271335629545
26,3.1007271335629545
27,3.1007271335629545
28,3.034060466896288
29,3.034060466896288
30,2.9673938002296207
31,2.9673938002296207
32,2.9673938002296207
33,3.034060466896288
34,4.1007271335629545
35,4.1007271335629545
36,4.272942977420589
37,5.272942977420589
38,5.272942977420589
39,4.272942977420589
40,3.206276310753923
41,3.206276310753923
42,3.206276310753923
43,3.2729429774205894
44,2.2729429774205894
45,3.2729429774205894
46,2.6747799464217374
47,3.6747799464217374
48,2.6747799464217374
49,3.6747799464217374
50,2.6747799464217374
51,2.6747799464217374
52,2.6747799464217374
53,2.6747799464217374
54,2.6747799464217374
55,2.6747799464217374
56,2.6747799464217374
57,2.6747799464217374
58,2.6747799464217374
59,2.6747799464217374
60,2.6747799464217374
61,2.6747799464217374
62,2.6747799464217374
63,2.6747799464217374
64,2.6747799464217374
65,2.6747799464217374
66,2.6747799464217374
67,1.6747799464217374
68,1.6747799464217374
69,1.6747799464217374
70,1.6747799464217374
71,1.6747799464217374
72,2.608113279755071
73,2.608113279755071
74,2.608113279755071
75,2.608113279755071
76,2.608113279755071
77,2.608113279755071
78,2.608113279755071
79,2.608113279755071
80,1.608113279755071
81,1.608113279755071
82,1.608113279755071
83,1.608113279755071
84,2.608113279755071
85,2.608113279755071
86,2.608113279755071
87,2.608113279755071
88,3.608113279755071
89,3.5414466130884037
90,3.5414466130884037
91,3.5414466130884037
92,3.5414466130884037
93,3.608113279755071
94,3.608113279755071
95,3.608113279755071
96,3.608113279755071
97,3.608113279755071
98,3.6747799464217374
99,3.741446613088404
100,3.741446613088404
101,3.741446613088404
102,3.741446613088404
103,3.741446613088404
104,3.741446613088404
105,4.674779946421737
106,4.674779946421737
107,4.674779946421737
108,4.674779946421737
109,4.608113279755071
110,4.608113279755071
111,4.608113279755071
112,4.608113279755071
113,4.608113279755071
114,4.608113279755071
115,4.608113279755071
116,4.608113279755071
117,4.608113279755071
118,4.608113279755071
119,4.608113279755071
120,4.608113279755071
121,4.608113279755071
122,4.608113279755071
123,4.608113279755071
124,4.608113279755071
125,5.608113279755071
126,5.608113279755071
127,5.608113279755071
128,4.608113279755071
129,4.608113279755071
130,4.608113279755071
131,4.608113279755071
132,4.608113279755071
133,4.608113279755071
134,4.608113279755071
135,4.608113279755071
136,4.608113279755071
137,4.608113279755071
138,4.608113279755071
139,4.608113279755071
140,4.608113279755071
141,4.608113279755071
142,4.608113279755071
143,4.608113279755071
144,3.608113279755071
145,4.608113279755071
146,4.608113279755071
147,4.608113279755071
148,4.608113279755071
149,3.608113279755071
150,3.608113279755071
151,3.608113279755071
152,3.608113279755071
153,3.608113279755071
154,3.608113279755071
155,3.608113279755071
156,3.608113279755071
157,3.608113279755071
158,3.608113279755071
159,3.608113279755071
160,3.608113279755071
161,3.608113279755071
162,3.5414466130884037
163,3.5414466130884037
164,4.541446613088404
165,4.541446613088404
166,4.541446613088404
167,4.541446613088404
168,4.541446613088404
169,4.541446613088404
170,4.541446613088404
171,4.541446613088404
172,4.541446613088404
173,4.541446613088404
174,4.608113279755071
175,4.608113279755071
176,4.608113279755071
177,4.608113279755071
178,4.608113279755071
179,4.608113279755071
180,4.608113279755071
181,4.608113279755071
182,4.608113279755071
183,4.608113279755071
184,4.608113279755071
185,4.608113279755071
186,4.608113279755071
187,4.608113279755071
188,4.608113279755071
189,4.608113279755071
190,4.608113279755071
191,4.608113279755071
192,3.6747799464217374
193,3.6747799464217374
194,3.6747799464217374
195,3.6747799464217374
196,3.6747799464217374
197,3.6747799464217374
198,3.6747799464217374
199,3.6747799464217374
200,3.6747799464217374
201,3.608113279755071
202,3.6747799464217374
203,3.6747799464217374
204,3.6747799464217374
205,3.741446613088404
206,3.6747799464217374
207,3.608113279755071
208,3.608113279755071
209,3.608113279755071
210,3.608113279755071
211,2.5414466130884037
212,2.608113279755071
213,2.608113279755071
214,2.608113279755071
215,2.608113279755071
216,2.608113279755071
217,2.608113279755071
218,3.6747799464217374
219,3.6747799464217374
220,3.6747799464217374
221,3.6747799464217374
222,3.6747799464217374
223,3.6747799464217374
224,3.608113279755071
225,3.608113279755071
226,3.608113279755071
227,3.608113279755071
228,3.608113279755071
229,3.608113279755071
230,3.608113279755071
231,3.608113279755071
232,3.608113279755071
233,3.608113279755071
234,3.608113279755071
235,3.608113279755071
236,3.608113279755071
237,3.608113279755071
238,3.608113279755071
239,3.608113279755071
240,3.608113279755071
241,3.608113279755071
242,3.608113279755071
243,3.608113279755071
244,3.608113279755071
245,3.608113279755071
246,3.608113279755071
247,3.608113279755071
248,3.608113279755071
249,3.5414466130884037
250,3.5414466130884037
251,4.474779946421737
252,4.541446613088404
253,4.541446613088404
254,4.474779946421737
255,4.474779946421737
256,4.474779946421737
257,4.474779946421737
258,4.474779946421737
259,4.474779946421737
260,4.541446613088404
261,4.541446613088404
262,4.541446613088404
263,4.541446613088404
264,4.474779946421737
265,4.474779946421737
266,4.474779946421737
267,4.474779946421737
268,4.474779946421737
269,4.474779946421737
270,5.408113279755071
271,5.408113279755071
272,5.408113279755071
273,5.408113279755071
274,5.408113279755071
275,5.408113279755071
276,5.408113279755071
277,5.408113279755071
278,5.408113279755071
279,4.408113279755071
280,4.408113279755071
281,4.408113279755071
282,4.408113279755071
283,4.408113279755071
284,4.408113279755071
285,4.408113279755071
286,3.408113279755071
287,3.408113279755071
288,3.408113279755071
289,3.408113279755071
290,3.408113279755071
291,3.408113279755071
292,3.408113279755071
293,3.408113279755071
294,3.408113279755071
295,3.408113279755071
296,3.408113279755071
297,3.408113279755071
298,3.408113279755071
299,3.408113279755071
300,3.408113279755071
301,3.408113279755071
302,3.408113279755071
303,3.408113279755071
304,3.3414466130884044
305,3.3414466130884044
306,3.3414466130884044
307,3.3414466130884044
308,3.3414466130884044
309,3.3414466130884044
310,3.3414466130884044
311,3.3414466130884044
312,3.3414466130884044
313,3.3414466130884044
314,3.3414466130884044
315,4.341446613088404
316,4.341446613088404
317,4.341446613088404
318,4.341446613088404
319,4.341446613088404
320,4.341446613088404
321,4.341446613088404
322,4.341446613088404
323,4.341446613088404
324,4.341446613088404
325,4.341446613088404
326,4.685878300803674
327,4.685878300803674
328,4.685878300803674
329,4.685878300803674
330,4.685878300803674
331,4.685878300803674
332,4.685878300803674
333,4.685878300803674
334,4.685878300803674
335,4.685878300803674
336,3.685878300803674
337,4.685878300803674
338,4.619211634137007
339,4.619211634137007
340,4.619211634137007
341,4.619211634137007
342,4.619211634137007
343,4.619211634137007
344,3.619211634137007
345,4.619211634137007
346,4.619211634137007
347,3.685878300803674
348,3.685878300803674
349,3.7525449674703406
350,3.7525449674703406
351,3.7525449674703406
352,3.7525449674703406
353,3.7525449674703406
354,3.7525449674703406
355,3.7525449674703406
356,3.7525449674703406
357,3.7525449674703406
358,3.7525449674703406
359,3.7525449674703406
360,3.7525449674703406
361,3.7525449674703406
362,3.7525449674703406
363,3.7525449674703406
364,3.7525449674703406
365,3.7525449674703406
366,3.7525449674703406
367,3.7525449674703406
368,2.7525449674703406
369,3.7525449674703406
370,2.7525449674703406
371,2.7525449674703406
372,2.819211634137007
373,2.819211634137007
374,2.819211634137007
375,2.819211634137007
376,2.819211634137007
377,2.819211634137007
378,2.819211634137007
379,2.8858783008036735
380,2.8858783008036735
381,2.952544967470341
382,2.952544967470341
383,2.952544967470341
384,2.952544967470341
385,2.952544967470341
386,2.952544967470341
387,2.952544967470341
388,2.952544967470341
389,2.952544967470341
390,2.952544967470341
391,2.952544967470341
392,2.952544967470341
393,3.019211634137007
394,3.019211634137007
395,3.019211634137007
396,3.019211634137007
397,3.019211634137007
398,3.019211634137007
399,4.019211634137007
400,4.019211634137007
401,4.019211634137007
402,4.019211634137007
403,4.019211634137007
404,4.019211634137007
405,4.019211634137007
406,4.019211634137007
407,3.019211634137007
408,2.952544967470341
409,2.952544967470341
410,2.952544967470341
411,2.952544967470341
412,2.952544967470341
413,2.952544967470341
414,2.952544967470341
415,2.952544967470341
416,3.019211634137007
417,4.019211634137007
418,4.019211634137007
419,3.0858783008036736
420,3.0858783008036736
421,3.0858783008036736
422,3.0858783008036736
423,3.0858783008036736
424,3.0858783008036736
425,3.019211634137007
426,2.952544967470341
427,2.952544967470341
428,2.8858783008036735
429,2.8858783008036735
430,2.8858783008036735
431,3.8858783008036735
432,3.8858783008036735
433,2.8858783008036735
434,3.8858783008036735
435,3.8858783008036735
436,3.952544967470341
437,3.952544967470341
438,3.952544967470341
439,4.038652889399158
440,4.038652889399158
441,4.038652889399158
442,4.038652889399158
443,4.038652889399158
444,4.038652889399158
445,4.038652889399158
446,4.038652889399158
447,4.038652889399158
448,4.038652889399158
449,3.038652889399158
450,3.038652889399158
451,3.038652889399158
452,3.038652889399158
453,3.038652889399158
454,3.038652889399158
455,3.038652889399158
456,3.105319556065824
457,2.105319556065824
458,2.105319556065824
459,2.105319556065824
460,2.105319556065824
461,2.105319556065824
462,2.105319556065824
463,2.105319556065824
464,2.105319556065824
465,2.105319556065824
466,2.105319556065824
467,2.105319556065824
468,2.105319556065824
469,2.105319556065824
470,2.105319556065824
471,2.105319556065824
472,2.105319556065824
473,2.105319556065824
474,2.105319556065824
475,2.105319556065824
476,2.105319556065824
477,2.038652889399158
478,1.9719862227324905
479,1.9719862227324905
480,1.9719862227324905
481,1.9719862227324905
482,0.9719862227324905
483,0.9719862227324905
484,1.9719862227324905
485,1.905319556065824
486,2.9719862227324905
487,2.9719862227324905
488,2.9719862227324905
489,2.9719862227324905
490,2.9719862227324905
491,2.905319556065824
492,2.905319556065824
493,1.905319556065824
494,1.905319556065824
495,1.905319556065824
496,1.905319556065824
497,1.905319556065824
498,1.905319556065824
499,0.8386528893991576
500,0.8386528893991576
