,0
0,9.0
1,9.0
2,9.0
3,9.0
4,9.0
5,9.0
6,9.0
7,9.0
8,9.0
9,9.0
10,9.0
11,9.0
12,9.0
13,9.0
14,9.0
15,9.0
16,9.0
17,9.0
18,9.0
19,9.0
20,9.0
21,9.0
22,9.0
23,9.0
24,9.0
25,9.0
26,8.0
27,8.0
28,8.0
29,8.0
30,8.0
31,8.0
32,8.0
33,8.0
34,8.0
35,7.0
36,7.0
37,7.0
38,7.0
39,7.0
40,8.0
41,8.0
42,8.0
43,8.0
44,8.0
45,8.0
46,8.0
47,8.0
48,8.0
49,8.0
50,8.0
51,8.0
52,8.0
53,9.0
54,9.0
55,9.0
56,9.0
57,9.0
58,9.0
59,9.0
60,9.0
61,9.0
62,9.0
63,9.0
64,9.0
65,9.0
66,9.0
67,9.0
68,9.0
69,9.0
70,9.0
71,9.0
72,9.0
73,9.0
74,9.0
75,9.0
76,9.0
77,9.0
78,9.0
79,9.0
80,9.0
81,9.0
82,9.0
83,8.0
84,8.0
85,8.0
86,8.0
87,8.0
88,8.0
89,8.0
90,8.0
91,9.0
92,9.0
93,9.0
94,9.0
95,10.0
96,10.0
97,10.0
98,10.0
99,10.0
100,10.0
101,10.0
102,10.0
103,9.0
104,9.0
105,9.0
106,9.0
107,10.0
108,10.0
109,10.0
110,10.0
111,9.0
112,9.0
113,9.0
114,9.0
115,9.0
116,9.0
117,9.0
118,9.0
119,9.0
120,10.0
121,10.0
122,10.0
123,10.0
124,10.0
125,10.0
126,10.0
127,10.0
128,10.0
129,10.0
130,10.0
131,10.0
132,10.0
133,10.0
134,11.0
135,11.0
136,11.0
137,10.0
138,10.0
139,9.0
140,9.0
141,8.0
142,8.0
143,8.0
144,7.0
145,7.0
146,7.0
147,7.0
148,6.0
149,6.0
150,6.0
151,6.0
152,6.0
153,6.0
154,6.0
155,6.0
156,6.0
157,7.0
158,7.0
159,7.0
160,7.0
161,7.0
162,7.0
163,7.0
164,7.0
165,7.0
166,7.0
167,7.0
168,7.0
169,7.0
170,7.0
171,7.0
172,7.0
173,8.0
174,8.0
175,8.0
176,8.0
177,8.0
178,8.0
179,8.0
180,8.0
181,8.0
182,9.0
183,9.0
184,9.0
185,9.0
186,9.0
187,9.0
188,8.0
189,7.0
190,7.0
191,7.0
192,7.0
193,7.0
194,8.0
195,9.0
196,9.0
197,9.0
198,9.0
199,9.0
200,9.0
201,9.0
202,9.0
203,9.0
204,9.0
205,9.0
206,9.0
207,9.0
208,10.0
209,10.0
210,10.0
211,10.0
212,10.0
213,10.0
214,10.0
215,10.0
216,11.0
217,11.0
218,11.0
219,11.0
220,11.0
221,11.0
222,11.0
223,11.0
224,11.0
225,11.0
226,11.0
227,10.0
228,10.0
229,10.0
230,10.0
231,10.0
232,10.0
233,10.0
234,11.0
235,11.0
236,11.0
237,11.0
238,11.0
239,11.0
240,11.0
241,11.0
242,11.0
243,11.0
244,11.0
245,11.0
246,11.0
247,10.0
248,10.0
249,10.0
250,10.0
251,9.0
252,10.0
253,9.0
254,9.0
255,9.0
256,9.0
257,9.0
258,9.0
259,9.0
260,9.0
261,9.0
262,8.0
263,8.0
264,8.0
265,8.0
266,8.0
267,8.0
268,8.0
269,8.0
270,8.0
271,8.0
272,8.0
273,8.0
274,8.0
275,8.0
276,8.0
277,8.0
278,8.0
279,8.0
280,8.0
281,8.0
282,8.0
283,8.0
284,8.0
285,8.0
286,8.0
287,8.0
288,8.0
289,8.0
290,8.0
291,8.0
292,8.0
293,8.0
294,8.0
295,7.0
296,7.0
297,7.0
298,7.0
299,7.0
300,7.0
301,7.0
302,7.0
303,7.0
304,7.0
305,8.0
306,8.0
307,8.0
308,8.0
309,8.0
310,8.0
311,9.0
312,10.0
313,10.0
314,10.0
315,10.0
316,10.0
317,10.0
318,10.0
319,10.0
320,10.0
321,10.0
322,10.0
323,10.0
324,10.0
325,10.0
326,10.0
327,10.0
328,10.0
329,10.0
330,11.0
331,11.0
332,11.0
333,11.0
334,11.0
335,11.0
336,11.0
337,11.0
338,11.0
339,12.0
340,12.0
341,12.0
342,12.0
343,12.0
344,12.0
345,12.0
346,12.0
347,11.0
348,10.0
349,10.0
350,10.0
351,10.0
352,10.0
353,10.0
354,10.0
355,10.0
356,10.0
357,10.0
358,10.0
359,10.0
360,10.0
361,9.0
362,9.0
363,9.0
364,9.0
365,8.0
366,8.0
367,8.0
368,8.0
369,8.0
370,8.0
371,8.0
372,8.0
373,8.0
374,8.0
375,8.0
376,8.0
377,8.0
378,8.0
379,8.0
380,7.0
381,7.0
382,7.0
383,7.0
384,7.0
385,7.0
386,7.0
387,7.0
388,7.0
389,8.0
390,8.0
391,8.0
392,8.0
393,8.0
394,8.0
395,8.0
396,8.0
397,8.0
398,8.0
399,8.0
400,8.0
401,8.0
402,8.0
403,8.0
404,8.0
405,8.0
406,8.0
407,8.0
408,8.0
409,8.0
410,8.0
411,8.0
412,7.0
413,8.0
414,8.0
415,8.0
416,8.0
417,8.0
418,8.0
419,8.0
420,8.0
421,8.0
422,8.0
423,8.0
424,8.0
425,8.0
426,8.0
427,8.0
428,8.0
429,8.0
430,8.0
431,8.0
432,8.0
433,8.0
434,8.0
435,8.0
436,8.0
437,8.0
438,8.0
439,8.0
440,8.0
441,8.0
442,9.0
443,9.0
444,9.0
445,9.0
446,9.0
447,9.0
448,9.0
449,9.0
450,9.0
451,9.0
452,8.0
453,8.0
454,8.0
455,8.0
456,8.0
457,8.0
458,8.0
459,8.0
460,8.0
461,9.0
462,9.0
463,9.0
464,9.0
465,8.0
466,8.0
467,8.0
468,8.0
469,9.0
470,8.0
471,8.0
472,8.0
473,8.0
474,8.0
475,9.0
476,9.0
477,9.0
478,9.0
479,9.0
480,9.0
481,9.0
482,8.0
483,8.0
484,8.0
485,8.0
486,8.0
487,7.0
488,7.0
489,6.0
490,6.0
491,7.0
492,7.0
493,7.0
494,7.0
495,7.0
496,7.0
497,7.0
498,7.0
499,7.0
500,8.0
