,0
0,11.0
1,11.0
2,11.0
3,11.0
4,11.0
5,11.0
6,11.0
7,11.0
8,11.0
9,11.0
10,11.0
11,10.0
12,9.0
13,9.0
14,10.0
15,10.0
16,10.0
17,10.0
18,10.0
19,10.0
20,10.0
21,10.0
22,10.0
23,11.0
24,11.0
25,11.0
26,11.0
27,11.0
28,10.0
29,10.0
30,9.0
31,9.0
32,9.0
33,10.0
34,11.0
35,11.0
36,11.0
37,11.0
38,11.0
39,11.0
40,10.0
41,10.0
42,10.0
43,11.0
44,11.0
45,11.0
46,11.0
47,11.0
48,11.0
49,11.0
50,11.0
51,11.0
52,11.0
53,11.0
54,11.0
55,11.0
56,11.0
57,11.0
58,11.0
59,11.0
60,11.0
61,11.0
62,11.0
63,11.0
64,11.0
65,11.0
66,11.0
67,11.0
68,11.0
69,11.0
70,11.0
71,11.0
72,10.0
73,10.0
74,10.0
75,10.0
76,10.0
77,10.0
78,10.0
79,10.0
80,10.0
81,10.0
82,10.0
83,10.0
84,10.0
85,10.0
86,10.0
87,10.0
88,10.0
89,9.0
90,9.0
91,9.0
92,9.0
93,10.0
94,10.0
95,10.0
96,10.0
97,10.0
98,11.0
99,12.0
100,12.0
101,12.0
102,12.0
103,12.0
104,12.0
105,11.0
106,11.0
107,11.0
108,11.0
109,10.0
110,10.0
111,10.0
112,10.0
113,10.0
114,10.0
115,10.0
116,10.0
117,10.0
118,10.0
119,10.0
120,10.0
121,10.0
122,10.0
123,10.0
124,10.0
125,10.0
126,10.0
127,10.0
128,10.0
129,10.0
130,10.0
131,10.0
132,10.0
133,10.0
134,10.0
135,10.0
136,10.0
137,10.0
138,10.0
139,10.0
140,10.0
141,10.0
142,10.0
143,10.0
144,10.0
145,10.0
146,10.0
147,10.0
148,10.0
149,10.0
150,10.0
151,10.0
152,10.0
153,10.0
154,10.0
155,10.0
156,10.0
157,10.0
158,10.0
159,10.0
160,10.0
161,10.0
162,9.0
163,9.0
164,9.0
165,9.0
166,9.0
167,9.0
168,9.0
169,9.0
170,9.0
171,9.0
172,9.0
173,9.0
174,10.0
175,10.0
176,10.0
177,10.0
178,10.0
179,10.0
180,10.0
181,10.0
182,10.0
183,10.0
184,10.0
185,10.0
186,10.0
187,10.0
188,10.0
189,10.0
190,10.0
191,10.0
192,11.0
193,11.0
194,11.0
195,11.0
196,11.0
197,11.0
198,11.0
199,11.0
200,11.0
201,10.0
202,11.0
203,11.0
204,11.0
205,12.0
206,11.0
207,10.0
208,10.0
209,10.0
210,10.0
211,9.0
212,10.0
213,10.0
214,10.0
215,10.0
216,10.0
217,10.0
218,11.0
219,11.0
220,11.0
221,11.0
222,11.0
223,11.0
224,10.0
225,10.0
226,10.0
227,10.0
228,10.0
229,10.0
230,10.0
231,10.0
232,10.0
233,10.0
234,10.0
235,10.0
236,10.0
237,10.0
238,10.0
239,10.0
240,10.0
241,10.0
242,10.0
243,10.0
244,10.0
245,10.0
246,10.0
247,10.0
248,10.0
249,9.0
250,9.0
251,8.0
252,9.0
253,9.0
254,8.0
255,8.0
256,8.0
257,8.0
258,8.0
259,8.0
260,9.0
261,9.0
262,9.0
263,9.0
264,8.0
265,8.0
266,8.0
267,8.0
268,8.0
269,8.0
270,7.0
271,7.0
272,7.0
273,7.0
274,7.0
275,7.0
276,7.0
277,7.0
278,7.0
279,7.0
280,7.0
281,7.0
282,7.0
283,7.0
284,7.0
285,7.0
286,7.0
287,7.0
288,7.0
289,7.0
290,7.0
291,7.0
292,7.0
293,7.0
294,7.0
295,7.0
296,7.0
297,7.0
298,7.0
299,7.0
300,7.0
301,7.0
302,7.0
303,7.0
304,6.0
305,6.0
306,6.0
307,6.0
308,6.0
309,6.0
310,6.0
311,6.0
312,6.0
313,6.0
314,6.0
315,6.0
316,6.0
317,6.0
318,6.0
319,6.0
320,6.0
321,6.0
322,6.0
323,6.0
324,6.0
325,6.0
326,6.0
327,6.0
328,6.0
329,6.0
330,6.0
331,6.0
332,6.0
333,6.0
334,6.0
335,6.0
336,6.0
337,6.0
338,5.0
339,5.0
340,5.0
341,5.0
342,5.0
343,5.0
344,5.0
345,5.0
346,5.0
347,6.0
348,6.0
349,7.0
350,7.0
351,7.0
352,7.0
353,7.0
354,7.0
355,7.0
356,7.0
357,7.0
358,7.0
359,7.0
360,7.0
361,7.0
362,7.0
363,7.0
364,7.0
365,7.0
366,7.0
367,7.0
368,7.0
369,7.0
370,7.0
371,7.0
372,8.0
373,8.0
374,8.0
375,8.0
376,8.0
377,8.0
378,8.0
379,9.0
380,9.0
381,10.0
382,10.0
383,10.0
384,10.0
385,10.0
386,10.0
387,10.0
388,10.0
389,10.0
390,10.0
391,10.0
392,10.0
393,11.0
394,11.0
395,11.0
396,11.0
397,11.0
398,11.0
399,11.0
400,11.0
401,11.0
402,11.0
403,11.0
404,11.0
405,11.0
406,11.0
407,11.0
408,10.0
409,10.0
410,10.0
411,10.0
412,10.0
413,10.0
414,10.0
415,10.0
416,11.0
417,11.0
418,11.0
419,12.0
420,12.0
421,12.0
422,12.0
423,12.0
424,12.0
425,11.0
426,10.0
427,10.0
428,9.0
429,9.0
430,9.0
431,9.0
432,9.0
433,9.0
434,9.0
435,9.0
436,10.0
437,10.0
438,10.0
439,10.0
440,10.0
441,10.0
442,10.0
443,10.0
444,10.0
445,10.0
446,10.0
447,10.0
448,10.0
449,10.0
450,10.0
451,10.0
452,10.0
453,10.0
454,10.0
455,10.0
456,11.0
457,11.0
458,11.0
459,11.0
460,11.0
461,11.0
462,11.0
463,11.0
464,11.0
465,11.0
466,11.0
467,11.0
468,11.0
469,11.0
470,11.0
471,11.0
472,11.0
473,11.0
474,11.0
475,11.0
476,11.0
477,10.0
478,9.0
479,9.0
480,9.0
481,9.0
482,9.0
483,9.0
484,9.0
485,8.0
486,9.0
487,9.0
488,9.0
489,9.0
490,9.0
491,8.0
492,8.0
493,8.0
494,8.0
495,8.0
496,8.0
497,8.0
498,8.0
499,7.0
500,7.0
