,0
0,14.0
1,14.0
2,14.0
3,14.0
4,14.0
5,14.0
6,14.0
7,14.0
8,14.0
9,14.0
10,14.0
11,14.0
12,14.0
13,14.0
14,14.0
15,14.0
16,13.0
17,12.0
18,12.0
19,12.0
20,12.0
21,12.0
22,12.0
23,12.0
24,12.0
25,12.0
26,12.0
27,12.0
28,12.0
29,12.0
30,12.0
31,12.0
32,12.0
33,12.0
34,12.0
35,12.0
36,12.0
37,12.0
38,12.0
39,12.0
40,12.0
41,12.0
42,12.0
43,12.0
44,11.0
45,11.0
46,11.0
47,11.0
48,11.0
49,11.0
50,11.0
51,11.0
52,11.0
53,11.0
54,11.0
55,11.0
56,11.0
57,12.0
58,12.0
59,12.0
60,12.0
61,12.0
62,11.0
63,11.0
64,11.0
65,11.0
66,11.0
67,11.0
68,11.0
69,11.0
70,11.0
71,11.0
72,11.0
73,11.0
74,11.0
75,11.0
76,11.0
77,11.0
78,11.0
79,11.0
80,11.0
81,11.0
82,11.0
83,11.0
84,11.0
85,11.0
86,11.0
87,11.0
88,11.0
89,11.0
90,11.0
91,11.0
92,11.0
93,12.0
94,12.0
95,12.0
96,12.0
97,12.0
98,12.0
99,12.0
100,12.0
101,12.0
102,12.0
103,12.0
104,12.0
105,12.0
106,12.0
107,12.0
108,12.0
109,12.0
110,12.0
111,12.0
112,12.0
113,12.0
114,12.0
115,12.0
116,12.0
117,12.0
118,12.0
119,12.0
120,12.0
121,12.0
122,12.0
123,12.0
124,12.0
125,12.0
126,13.0
127,13.0
128,13.0
129,13.0
130,13.0
131,13.0
132,13.0
133,13.0
134,13.0
135,13.0
136,13.0
137,14.0
138,14.0
139,14.0
140,14.0
141,14.0
142,14.0
143,14.0
144,14.0
145,14.0
146,14.0
147,14.0
148,14.0
149,14.0
150,14.0
151,14.0
152,14.0
153,14.0
154,14.0
155,14.0
156,14.0
157,14.0
158,14.0
159,14.0
160,14.0
161,14.0
162,14.0
163,14.0
164,14.0
165,14.0
166,14.0
167,14.0
168,14.0
169,14.0
170,14.0
171,13.0
172,13.0
173,13.0
174,13.0
175,13.0
176,13.0
177,13.0
178,13.0
179,13.0
180,13.0
181,12.0
182,12.0
183,12.0
184,12.0
185,12.0
186,12.0
187,12.0
188,12.0
189,11.0
190,11.0
191,11.0
192,11.0
193,11.0
194,11.0
195,11.0
196,11.0
197,11.0
198,11.0
199,11.0
200,11.0
201,12.0
202,12.0
203,12.0
204,12.0
205,12.0
206,12.0
207,12.0
208,12.0
209,12.0
210,12.0
211,12.0
212,12.0
213,12.0
214,12.0
215,12.0
216,12.0
217,12.0
218,12.0
219,11.0
220,11.0
221,11.0
222,11.0
223,11.0
224,11.0
225,11.0
226,11.0
227,10.0
228,10.0
229,10.0
230,10.0
231,10.0
232,10.0
233,10.0
234,10.0
235,10.0
236,10.0
237,10.0
238,10.0
239,10.0
240,10.0
241,10.0
242,10.0
243,10.0
244,9.0
245,9.0
246,9.0
247,9.0
248,10.0
249,10.0
250,9.0
251,9.0
252,9.0
253,9.0
254,9.0
255,9.0
256,9.0
257,9.0
258,9.0
259,9.0
260,9.0
261,9.0
262,9.0
263,9.0
264,9.0
265,9.0
266,9.0
267,9.0
268,9.0
269,9.0
270,9.0
271,9.0
272,9.0
273,9.0
274,9.0
275,9.0
276,10.0
277,10.0
278,10.0
279,9.0
280,9.0
281,9.0
282,9.0
283,9.0
284,9.0
285,9.0
286,9.0
287,9.0
288,9.0
289,9.0
290,9.0
291,8.0
292,8.0
293,8.0
294,8.0
295,8.0
296,8.0
297,8.0
298,8.0
299,8.0
300,8.0
301,8.0
302,7.0
303,7.0
304,7.0
305,7.0
306,7.0
307,7.0
308,7.0
309,7.0
310,7.0
311,7.0
312,7.0
313,7.0
314,7.0
315,7.0
316,7.0
317,7.0
318,7.0
319,7.0
320,7.0
321,7.0
322,7.0
323,7.0
324,7.0
325,8.0
326,8.0
327,8.0
328,8.0
329,8.0
330,8.0
331,8.0
332,8.0
333,8.0
334,8.0
335,9.0
336,9.0
337,9.0
338,9.0
339,9.0
340,9.0
341,9.0
342,9.0
343,9.0
344,9.0
345,9.0
346,9.0
347,9.0
348,9.0
349,9.0
350,8.0
351,8.0
352,8.0
353,8.0
354,7.0
355,7.0
356,7.0
357,7.0
358,7.0
359,7.0
360,7.0
361,7.0
362,7.0
363,7.0
364,7.0
365,8.0
366,8.0
367,8.0
368,8.0
369,8.0
370,8.0
371,8.0
372,9.0
373,9.0
374,9.0
375,9.0
376,9.0
377,9.0
378,9.0
379,9.0
380,9.0
381,9.0
382,9.0
383,9.0
384,9.0
385,9.0
386,9.0
387,9.0
388,9.0
389,9.0
390,9.0
391,9.0
392,9.0
393,9.0
394,10.0
395,10.0
396,10.0
397,10.0
398,10.0
399,10.0
400,10.0
401,11.0
402,11.0
403,11.0
404,10.0
405,10.0
406,10.0
407,10.0
408,10.0
409,10.0
410,10.0
411,10.0
412,10.0
413,10.0
414,10.0
415,10.0
416,10.0
417,10.0
418,10.0
419,10.0
420,10.0
421,10.0
422,9.0
423,9.0
424,9.0
425,9.0
426,9.0
427,9.0
428,9.0
429,9.0
430,9.0
431,9.0
432,9.0
433,9.0
434,9.0
435,10.0
436,10.0
437,10.0
438,10.0
439,10.0
440,10.0
441,10.0
442,10.0
443,10.0
444,10.0
445,10.0
446,10.0
447,10.0
448,10.0
449,10.0
450,10.0
451,10.0
452,10.0
453,10.0
454,10.0
455,10.0
456,9.0
457,9.0
458,9.0
459,9.0
460,9.0
461,9.0
462,9.0
463,9.0
464,8.0
465,8.0
466,8.0
467,8.0
468,8.0
469,8.0
470,8.0
471,9.0
472,9.0
473,9.0
474,9.0
475,9.0
476,9.0
477,9.0
478,9.0
479,9.0
480,9.0
481,9.0
482,9.0
483,9.0
484,9.0
485,9.0
486,9.0
487,9.0
488,9.0
489,10.0
490,10.0
491,10.0
492,10.0
493,9.0
494,9.0
495,9.0
496,9.0
497,8.0
498,8.0
499,8.0
500,8.0
